5.000000000000000000e-01 1.000000000000000000e+00 0.000000000000000000e+00 5.000000000000000000e-01
5.000000000000000000e-01 5.633682900576428842e-01 0.000000000000000000e+00 5.000000000000000000e-01
5.000000000000000000e-01 5.633682900576428842e-01 1.253245482328488036e-01 5.000000000000000000e-01
5.000000000000000000e-01 5.633682900576428842e-01 1.253245482328488036e-01 4.933910243734347945e-01
5.000000000000000000e-01 5.633682900576428842e-01 1.296887685701875181e-01 4.933910243734347945e-01
5.000000000000000000e-01 5.965247149563494000e-01 1.296887685701875181e-01 4.933910243734347945e-01
5.000000000000000000e-01 5.965247149563494000e-01 6.650793880863681284e-01 4.933910243734347945e-01
5.000000000000000000e-01 5.965247149563494000e-01 6.650793880863681284e-01 4.774860017088950470e-01
5.000000000000000000e-01 5.892698926577292218e-01 6.650793880863681284e-01 4.774860017088950470e-01
5.000000000000000000e-01 5.892698926577292218e-01 6.650793880863681284e-01 1.429814247328988763e-01
5.000000000000000000e-01 5.892698926577292218e-01 6.650793880863681284e-01 1.434801768157928925e-01
5.000000000000000000e-01 5.892698926577292218e-01 6.650793880863681284e-01 7.337992590546402183e-02
5.000000000000000000e-01 5.892698926577292218e-01 6.171532799030533534e-01 7.337992590546402183e-02
5.000000000000000000e-01 5.892698926577292218e-01 6.171532799030533534e-01 4.961622416883398889e-01
5.000000000000000000e-01 5.892698926577292218e-01 2.821600416636005360e-01 4.961622416883398889e-01
5.000000000000000000e-01 5.892698926577292218e-01 6.425362108352999924e-01 4.961622416883398889e-01
5.000000000000000000e-01 5.892698926577292218e-01 6.881285133439190016e-01 4.961622416883398889e-01
5.000000000000000000e-01 5.720334914015489103e-01 6.881285133439190016e-01 4.961622416883398889e-01
5.000000000000000000e-01 5.720334914015489103e-01 6.645735586077465840e-01 4.961622416883398889e-01
5.000000000000000000e-01 5.720334914015489103e-01 6.645735586077465840e-01 2.032408798646331838e-01
7.122412805643300038e-01 5.720334914015489103e-01 6.645735586077465840e-01 2.032408798646331838e-01
7.122412805643300038e-01 5.720334914015489103e-01 3.460546872169730781e-01 2.032408798646331838e-01
7.122412805643300038e-01 7.341168238390217704e-01 3.460546872169730781e-01 2.032408798646331838e-01
7.122412805643300038e-01 2.732758250179338488e-01 3.460546872169730781e-01 2.032408798646331838e-01
7.122412805643300038e-01 2.732758250179338488e-01 2.100154811825448997e-01 2.032408798646331838e-01
7.976568257160728814e-01 2.732758250179338488e-01 2.100154811825448997e-01 2.032408798646331838e-01
7.976568257160728814e-01 8.075725116619936195e-01 2.100154811825448997e-01 2.032408798646331838e-01
7.976568257160728814e-01 8.075725116619936195e-01 1.655396194429473999e-01 2.032408798646331838e-01
7.976568257160728814e-01 8.075725116619936195e-01 1.655396194429473999e-01 1.993136206140975475e-01
9.575554939444105296e-01 8.075725116619936195e-01 1.655396194429473999e-01 1.993136206140975475e-01
9.575554939444105296e-01 8.680094172115572215e-01 1.655396194429473999e-01 1.993136206140975475e-01
6.704583436641671224e-01 8.680094172115572215e-01 1.655396194429473999e-01 1.993136206140975475e-01
6.704583436641671224e-01 8.680094172115572215e-01 3.338498443815032801e-01 1.993136206140975475e-01
6.704583436641671224e-01 6.176863023877456893e-01 3.338498443815032801e-01 1.993136206140975475e-01
9.969927210284811325e-01 6.176863023877456893e-01 3.338498443815032801e-01 1.993136206140975475e-01
9.969927210284811325e-01 6.176863023877456893e-01 3.338498443815032801e-01 7.188623978203562137e-02
9.969927210284811325e-01 6.176863023877456893e-01 3.338498443815032801e-01 1.414881939164642777e-01
9.969927210284811325e-01 4.015223369123824826e-01 3.338498443815032801e-01 1.414881939164642777e-01
9.969927210284811325e-01 4.015223369123824826e-01 3.338498443815032801e-01 1.332984301257032766e-01
9.969927210284811325e-01 5.397296169408729583e-01 3.338498443815032801e-01 1.332984301257032766e-01
9.969927210284811325e-01 5.397296169408729583e-01 3.338498443815032801e-01 2.358583449068633597e-01
9.969927210284811325e-01 5.397296169408729583e-01 5.270369610199090449e-01 2.358583449068633597e-01
9.969927210284811325e-01 4.764853567529600542e-01 5.270369610199090449e-01 2.358583449068633597e-01
7.693414084010765652e-01 4.764853567529600542e-01 5.270369610199090449e-01 2.358583449068633597e-01
6.297458112521540086e-01 4.764853567529600542e-01 5.270369610199090449e-01 2.358583449068633597e-01
6.297458112521540086e-01 4.764853567529600542e-01 1.611231032166929311e-01 2.358583449068633597e-01
6.297458112521540086e-01 4.764853567529600542e-01 1.611231032166929311e-01 2.192096601319395988e-01
6.297458112521540086e-01 4.764853567529600542e-01 1.333872825296102960e-01 2.192096601319395988e-01
6.297458112521540086e-01 4.764853567529600542e-01 1.333872825296102960e-01 7.808082611293162834e-02
6.297458112521540086e-01 4.764853567529600542e-01 1.333872825296102960e-01 1.803349997858880172e-01
5.894962746634431205e-01 4.764853567529600542e-01 1.333872825296102960e-01 1.803349997858880172e-01
5.894962746634431205e-01 4.764853567529600542e-01 1.333872825296102960e-01 3.009820979025314980e-01
8.276353311798669843e-01 4.764853567529600542e-01 1.333872825296102960e-01 3.009820979025314980e-01
8.276353311798669843e-01 4.764853567529600542e-01 5.940720334170385142e-01 3.009820979025314980e-01
8.276353311798669843e-01 4.764853567529600542e-01 5.940720334170385142e-01 2.856875266008575553e-01
8.854854193135902607e-01 4.764853567529600542e-01 5.940720334170385142e-01 2.856875266008575553e-01
5.217939944984671952e-01 4.764853567529600542e-01 5.940720334170385142e-01 2.856875266008575553e-01
5.217939944984671952e-01 4.764853567529600542e-01 7.124185335185788670e-01 2.856875266008575553e-01
5.217939944984671952e-01 4.764853567529600542e-01 8.766428999953157497e-01 2.856875266008575553e-01
5.217939944984671952e-01 4.764853567529600542e-01 9.670641771280151788e-01 2.856875266008575553e-01
7.591735607049747703e-01 4.764853567529600542e-01 9.670641771280151788e-01 2.856875266008575553e-01
7.591735607049747703e-01 3.611364080389367626e-01 9.670641771280151788e-01 2.856875266008575553e-01
7.591735607049747703e-01 3.611364080389367626e-01 6.708910941009009754e-01 2.856875266008575553e-01
7.591735607049747703e-01 4.456257470525318287e-01 6.708910941009009754e-01 2.856875266008575553e-01
6.936764040296871103e-01 4.456257470525318287e-01 6.708910941009009754e-01 2.856875266008575553e-01
6.936764040296871103e-01 4.456257470525318287e-01 5.737347918166699756e-01 2.856875266008575553e-01
6.936764040296871103e-01 6.239725917325718019e-01 5.737347918166699756e-01 2.856875266008575553e-01
6.936764040296871103e-01 6.239725917325718019e-01 7.947668472633019343e-01 2.856875266008575553e-01
6.936764040296871103e-01 6.239725917325718019e-01 7.947668472633019343e-01 1.575132299300206207e-01
6.936764040296871103e-01 6.239725917325718019e-01 7.947668472633019343e-01 3.675004327871089771e-01
6.936764040296871103e-01 5.373722193589061114e-01 7.947668472633019343e-01 3.675004327871089771e-01
6.936764040296871103e-01 5.373722193589061114e-01 7.145624983473768399e-01 3.675004327871089771e-01
6.936764040296871103e-01 5.373722193589061114e-01 8.894262248489568368e-01 3.675004327871089771e-01
6.936764040296871103e-01 5.373722193589061114e-01 8.894262248489568368e-01 5.309678392443583084e-01
6.936764040296871103e-01 5.373722193589061114e-01 7.536936050120481845e-01 5.309678392443583084e-01
7.177757934897378567e-01 5.373722193589061114e-01 7.536936050120481845e-01 5.309678392443583084e-01
7.177757934897378567e-01 5.373722193589061114e-01 7.536936050120481845e-01 2.543332379759044026e-01
7.177757934897378567e-01 3.636116319876809277e-01 7.536936050120481845e-01 2.543332379759044026e-01
7.177757934897378567e-01 3.636116319876809277e-01 7.536936050120481845e-01 7.324163240194406232e-02
6.108163075419641430e-01 3.636116319876809277e-01 7.536936050120481845e-01 7.324163240194406232e-02
9.309641638896245519e-01 3.636116319876809277e-01 7.536936050120481845e-01 7.324163240194406232e-02
9.309641638896245519e-01 4.981402122642230590e-01 7.536936050120481845e-01 7.324163240194406232e-02
9.309641638896245519e-01 5.634949844291049503e-01 7.536936050120481845e-01 7.324163240194406232e-02
9.309641638896245519e-01 2.469732333120881473e-01 7.536936050120481845e-01 7.324163240194406232e-02
9.309641638896245519e-01 2.469732333120881473e-01 5.076712621063457220e-01 7.324163240194406232e-02
9.309641638896245519e-01 2.469732333120881473e-01 1.706488134866417927e-01 7.324163240194406232e-02
8.285251189199293043e-01 2.469732333120881473e-01 1.706488134866417927e-01 7.324163240194406232e-02
8.285251189199293043e-01 2.826543636089764444e-01 1.706488134866417927e-01 7.324163240194406232e-02
7.243292417954408924e-01 2.826543636089764444e-01 1.706488134866417927e-01 7.324163240194406232e-02
7.243292417954408924e-01 2.826543636089764444e-01 1.706488134866417927e-01 7.401029735033838597e-02
7.243292417954408924e-01 2.826543636089764444e-01 1.706488134866417927e-01 2.482234000907033722e-01
7.243292417954408924e-01 2.826543636089764444e-01 1.706488134866417927e-01 2.825223475965903397e-01
6.212185690719076447e-01 2.826543636089764444e-01 1.706488134866417927e-01 2.825223475965903397e-01
7.230559333158541602e-01 2.826543636089764444e-01 1.706488134866417927e-01 2.825223475965903397e-01
7.230559333158541602e-01 2.826543636089764444e-01 3.531414939268477382e-01 2.825223475965903397e-01
7.637248280295868552e-01 2.826543636089764444e-01 3.531414939268477382e-01 2.825223475965903397e-01
7.519562961608284857e-01 2.826543636089764444e-01 3.531414939268477382e-01 2.825223475965903397e-01
6.912218745127554076e-01 2.826543636089764444e-01 3.531414939268477382e-01 2.825223475965903397e-01
6.912218745127554076e-01 2.826543636089764444e-01 5.797569191629623475e-01 2.825223475965903397e-01
6.912218745127554076e-01 2.826543636089764444e-01 5.582207449292340140e-01 2.825223475965903397e-01
6.994240714285014926e-01 2.826543636089764444e-01 5.582207449292340140e-01 2.825223475965903397e-01
