0.000000000000000000e+00 0.000000000000000000e+00
0.000000000000000000e+00 9.419029351346989154e-01
2.172359569016596486e-09 9.419029351346989154e-01
2.172359569016596486e-09 3.358377019245893935e-01
2.172359569016596486e-09 5.696926548270601076e-01
3.609292347131678411e-09 5.696926548270601076e-01
3.609292347131678411e-09 8.664548830122202894e-01
3.609292347131678411e-09 7.443108186488698319e-01
3.609292347131678411e-09 5.189002670244158288e-02
3.609292347131678411e-09 9.014502305116012248e-01
3.609292347131678411e-09 8.413968612771729472e-01
1.052046564945374608e-08 8.413968612771729472e-01
1.052046564945374608e-08 8.238545847901075359e-01
1.852361808565172178e-08 8.238545847901075359e-01
3.185492290631115640e-09 8.238545847901075359e-01
3.185492290631115640e-09 6.582823893052169861e-01
3.185492290631115640e-09 3.770958990682766743e-01
3.185492290631115640e-09 2.689889953337043504e-01
3.185492290631115640e-09 4.857682493718125105e-01
3.185492290631115640e-09 1.274589001676161848e-01
3.185492290631115640e-09 4.081846492339951116e-01
3.185492290631115640e-09 7.714790270711012754e-01
3.185492290631115640e-09 5.945915347351110603e-01
3.185492290631115640e-09 8.118939631301748117e-01
3.185492290631115640e-09 1.255826207177243026e-01
3.185492290631115640e-09 3.472118347929414317e-01
3.185492290631115640e-09 4.018299609393237160e-01
3.185492290631115640e-09 5.292832150918251877e-01
3.185492290631115640e-09 1.737261575565436922e-01
3.185492290631115640e-09 3.375999534559102067e-01
1.696275344175702550e-08 3.375999534559102067e-01
1.696275344175702550e-08 1.062631893217161894e-01
1.011171756071897029e-08 1.062631893217161894e-01
7.982171129540517114e-09 1.062631893217161894e-01
3.655804750242481291e-08 1.062631893217161894e-01
4.088291749049392266e-08 1.062631893217161894e-01
4.088291749049392266e-08 8.740106675975226613e-01
4.088291749049392266e-08 1.850709779024872770e-02
3.827767652857012831e-08 1.850709779024872770e-02
3.037012136196988392e-10 1.850709779024872770e-02
3.037012136196988392e-10 1.456844244453967332e-02
3.037012136196988392e-10 5.902355549311818494e-01
3.265363708893905755e-08 5.902355549311818494e-01
3.182579682668078806e-08 5.902355549311818494e-01
3.311753576414414252e-08 5.902355549311818494e-01
1.220844960444564936e-08 5.902355549311818494e-01
2.030666742668471188e-08 5.902355549311818494e-01
2.030666742668471188e-08 2.500188158491211676e-01
6.896433972016780030e-08 2.500188158491211676e-01
6.896433972016780030e-08 4.563957590954494936e-01
7.191999017000789177e-08 4.563957590954494936e-01
1.110553301286766828e-07 4.563957590954494936e-01
2.367121839846336194e-07 4.563957590954494936e-01
2.367121839846336194e-07 5.008371810203031682e-01
3.966434784478643302e-07 5.008371810203031682e-01
4.514525446910780347e-07 5.008371810203031682e-01
3.615039408312801459e-07 5.008371810203031682e-01
2.381977664579191648e-07 5.008371810203031682e-01
1.868899397544982953e-07 5.008371810203031682e-01
5.545638687637987910e-07 5.008371810203031682e-01
4.869311356031751473e-07 5.008371810203031682e-01
2.860803391275035952e-07 5.008371810203031682e-01
2.860803391275035952e-07 2.967102811726377576e-01
3.132212927426150366e-07 2.967102811726377576e-01
3.198474928036863042e-07 2.967102811726377576e-01
3.198474928036863042e-07 9.239055508125062488e-01
1.578500520632154757e-07 9.239055508125062488e-01
4.532057433128230145e-07 9.239055508125062488e-01
8.919020366007283259e-07 9.239055508125062488e-01
8.919020366007283259e-07 9.049385844497912501e-01
8.919020366007283259e-07 2.139245580784693290e-01
8.919020366007283259e-07 5.139560382060701649e-01
8.919020366007283259e-07 9.557511248398040671e-01
8.919020366007283259e-07 2.388808808973605924e-01
8.919020366007283259e-07 3.812476747622025042e-01
8.919020366007283259e-07 1.759877995326939171e-01
1.080417528864637166e-06 1.759877995326939171e-01
2.031203812384263684e-06 1.759877995326939171e-01
1.264384940726689176e-06 1.759877995326939171e-01
1.264384940726689176e-06 5.908688944504224549e-01
5.587896587705839023e-07 5.908688944504224549e-01
5.587896587705839023e-07 4.271866390087121212e-01
3.588120929316791599e-07 4.271866390087121212e-01
2.413665396959718096e-07 4.271866390087121212e-01
1.744223795708331553e-07 4.271866390087121212e-01
1.744223795708331553e-07 5.904512111212421033e-01
1.264966961069392822e-06 5.904512111212421033e-01
4.590258638759667223e-07 5.904512111212421033e-01
7.913990890325344661e-07 5.904512111212421033e-01
7.913990890325344661e-07 4.404702553695047929e-01
7.913990890325344661e-07 2.896448666877166622e-01
3.370381643287276795e-07 2.896448666877166622e-01
8.399832186902324398e-07 2.896448666877166622e-01
1.576842508448842463e-06 2.896448666877166622e-01
1.521700278798428850e-06 2.896448666877166622e-01
1.521700278798428850e-06 5.718740337363508175e-01
1.521700278798428850e-06 1.088592008131440969e-01
1.521700278798428850e-06 3.272268065884506028e-01
1.594855163972209017e-06 3.272268065884506028e-01
1.078432557293334247e-07 3.272268065884506028e-01
5.872641790901224505e-07 3.272268065884506028e-01
