0.000000000000000000e+00 0.000000000000000000e+00
0.000000000000000000e+00 6.679273240010198398e-01
0.000000000000000000e+00 2.852973638912481569e-02
0.000000000000000000e+00 3.113716310581676194e-01
0.000000000000000000e+00 6.616253918202424922e-02
1.960327935345132420e-08 6.616253918202424922e-02
1.960327935345132420e-08 3.783351213146228242e-01
1.829552391886499136e-08 3.783351213146228242e-01
1.370026776023057518e-08 3.783351213146228242e-01
5.139451876241533836e-08 3.783351213146228242e-01
5.139451876241533836e-08 2.691111068372558646e-01
5.139451876241533836e-08 6.899120958339897136e-01
3.884082257510046386e-08 6.899120958339897136e-01
5.122911395096872852e-08 6.899120958339897136e-01
1.602966697077600443e-07 6.899120958339897136e-01
1.405426674531499474e-07 6.899120958339897136e-01
2.265541130553650029e-07 6.899120958339897136e-01
2.265541130553650029e-07 6.940415502745751475e-01
2.930916123575147237e-07 6.940415502745751475e-01
2.930916123575147237e-07 4.799963677690083363e-01
2.930916123575147237e-07 3.627472562376369836e-01
8.357183414233934279e-08 3.627472562376369836e-01
8.357183414233934279e-08 9.268487132933687089e-01
8.357183414233934279e-08 8.092641322574908314e-01
1.653249300104707473e-07 8.092641322574908314e-01
1.552334960434585842e-07 8.092641322574908314e-01
1.552334960434585842e-07 5.722538110158932323e-01
4.209170517400801445e-07 5.722538110158932323e-01
3.766899124828604674e-07 5.722538110158932323e-01
3.766899124828604674e-07 5.404494766798803029e-01
4.429812837088919938e-07 5.404494766798803029e-01
4.429812837088919938e-07 3.945046543859396238e-01
4.429812837088919938e-07 4.110773359979503772e-01
3.496290544837166380e-07 4.110773359979503772e-01
3.298147280840631611e-07 4.110773359979503772e-01
2.583805628145339759e-07 4.110773359979503772e-01
2.861750150599592469e-07 4.110773359979503772e-01
2.861750150599592469e-07 7.858736404069259773e-01
5.112065780629879217e-07 7.858736404069259773e-01
3.010716512556759841e-07 7.858736404069259773e-01
1.631976162236928648e-07 7.858736404069259773e-01
3.214346615293894052e-08 7.858736404069259773e-01
3.214346615293894052e-08 8.259446919912620810e-01
1.214456005199591612e-07 8.259446919912620810e-01
2.485747184019848136e-07 8.259446919912620810e-01
3.104070396890069244e-07 8.259446919912620810e-01
6.428718216371690733e-08 8.259446919912620810e-01
2.212529421709639430e-07 8.259446919912620810e-01
8.408530417424254192e-07 8.259446919912620810e-01
7.681426235620350873e-07 8.259446919912620810e-01
8.347170201995136765e-07 8.259446919912620810e-01
8.347170201995136765e-07 9.716164646835357965e-01
4.018399751434484896e-07 9.716164646835357965e-01
4.018399751434484896e-07 1.308847350499947604e-01
5.378525209792012134e-08 1.308847350499947604e-01
5.378525209792012134e-08 2.648546318063735860e-01
4.205679756436953558e-07 2.648546318063735860e-01
4.205679756436953558e-07 4.248741252537185376e-01
8.823023963376276657e-08 4.248741252537185376e-01
5.134777966285890413e-07 4.248741252537185376e-01
9.730131279229685144e-07 4.248741252537185376e-01
9.730131279229685144e-07 5.073698357682736582e-01
6.597009994795834194e-07 5.073698357682736582e-01
8.258713547042334207e-07 5.073698357682736582e-01
8.258713547042334207e-07 2.246677572086750452e-01
5.280496621297721295e-07 2.246677572086750452e-01
8.871372886979353465e-07 2.246677572086750452e-01
1.465572880430380701e-06 2.246677572086750452e-01
6.879426097199914444e-07 2.246677572086750452e-01
6.879426097199914444e-07 3.876359299210252463e-01
5.778317652321483615e-07 3.876359299210252463e-01
5.778317652321483615e-07 9.958180158660762116e-02
5.778317652321483615e-07 1.529440474353058743e-01
5.778317652321483615e-07 3.655903427081350632e-01
9.148546298247771296e-07 3.655903427081350632e-01
1.885340181250638890e-06 3.655903427081350632e-01
1.885340181250638890e-06 3.358032120321645109e-01
1.575224184758523540e-06 3.358032120321645109e-01
1.164289047951120157e-06 3.358032120321645109e-01
1.479431880380932525e-07 3.358032120321645109e-01
1.479431880380932525e-07 2.328377804725262346e-02
1.479431880380932525e-07 1.534553512094968264e-01
7.628753775805717061e-07 1.534553512094968264e-01
7.628753775805717061e-07 1.238073373992907428e-01
1.436140321026837968e-06 1.238073373992907428e-01
1.436140321026837968e-06 8.112676864239471985e-01
1.436140321026837968e-06 9.510301828683896952e-01
2.951388397294434551e-06 9.510301828683896952e-01
2.951388397294434551e-06 5.173841456719887599e-01
2.951388397294434551e-06 5.043398223272242964e-01
2.951388397294434551e-06 3.159211052299738531e-01
4.398072238113951091e-06 3.159211052299738531e-01
3.830849396012389400e-06 3.159211052299738531e-01
3.830849396012389400e-06 4.395431179990050286e-02
5.830915983924342919e-06 4.395431179990050286e-02
7.119026822477447950e-06 4.395431179990050286e-02
5.082009924178779650e-06 4.395431179990050286e-02
6.711702722239599331e-06 4.395431179990050286e-02
1.199626702678270445e-05 4.395431179990050286e-02
1.330028096494264469e-05 4.395431179990050286e-02
1.330028096494264469e-05 4.818070343081573559e-01
1.144814228980524808e-05 4.818070343081573559e-01
1.144814228980524808e-05 2.557217261965547550e-01
1.221084192023761610e-05 2.557217261965547550e-01
1.700161307239358061e-05 2.557217261965547550e-01
1.700161307239358061e-05 2.458269212186256214e-01
1.758446902455420712e-05 2.458269212186256214e-01
1.654738088104608934e-05 2.458269212186256214e-01
1.763790833635193615e-05 2.458269212186256214e-01
1.763790833635193615e-05 8.373418346946107649e-01
1.763790833635193615e-05 8.385571931876574236e-01
1.763790833635193615e-05 9.097760108828980563e-01
2.305843086773107288e-05 9.097760108828980563e-01
2.195975304079540472e-05 9.097760108828980563e-01
2.195975304079540472e-05 5.689771470676692200e-01
1.588594562068363576e-05 5.689771470676692200e-01
2.672953702274931954e-05 5.689771470676692200e-01
1.732592521657153674e-05 5.689771470676692200e-01
2.979753555042966609e-05 5.689771470676692200e-01
3.494022515590146534e-05 5.689771470676692200e-01
2.887196454291502957e-05 5.689771470676692200e-01
4.240683079187938353e-05 5.689771470676692200e-01
7.104826541204744389e-05 5.689771470676692200e-01
6.753559776415125730e-05 5.689771470676692200e-01
6.084927530413344632e-05 5.689771470676692200e-01
7.419797494351450511e-05 5.689771470676692200e-01
7.419797494351450511e-05 4.376098515285874457e-01
6.275138026563004275e-05 4.376098515285874457e-01
4.878379770167501621e-05 4.376098515285874457e-01
6.869079640302898154e-05 4.376098515285874457e-01
8.761458368311431121e-05 4.376098515285874457e-01
2.909878515870518089e-05 4.376098515285874457e-01
2.909878515870518089e-05 6.914568398467346722e-02
2.909878515870518089e-05 3.413592428047076410e-01
2.909878515870518089e-05 7.105328207659084017e-02
2.909878515870518089e-05 2.496992658861698355e-01
5.798932313202747289e-05 2.496992658861698355e-01
6.383111473690886335e-05 2.496992658861698355e-01
5.089162983712056630e-05 2.496992658861698355e-01
5.089162983712056630e-05 6.027266232770213117e-01
3.514413081330646350e-05 6.027266232770213117e-01
2.977361406511111160e-05 6.027266232770213117e-01
4.192422608330066100e-05 6.027266232770213117e-01
4.323873449098284056e-05 6.027266232770213117e-01
4.323873449098284056e-05 5.388189759636289322e-01
2.793929207524706982e-05 5.388189759636289322e-01
3.544112357790007127e-05 5.388189759636289322e-01
4.529682007758469204e-05 5.388189759636289322e-01
1.447913824594820566e-05 5.388189759636289322e-01
2.613252897346536504e-05 5.388189759636289322e-01
2.613252897346536504e-05 4.974693128209763393e-01
6.290643002983495346e-05 4.974693128209763393e-01
6.133775994385309773e-05 4.974693128209763393e-01
6.133775994385309773e-05 3.745632768647097488e-01
8.695228482590726166e-05 3.745632768647097488e-01
8.695228482590726166e-05 1.077267501881460365e-01
8.695228482590726166e-05 4.810386753426585948e-01
8.695228482590726166e-05 7.906482293584458088e-01
7.818486667378194408e-05 7.906482293584458088e-01
7.818486667378194408e-05 6.049276241977041835e-01
7.818486667378194408e-05 9.256410881392044265e-01
7.606239585824444989e-05 9.256410881392044265e-01
5.869475623811388939e-05 9.256410881392044265e-01
2.007734461613306558e-05 9.256410881392044265e-01
2.007734461613306558e-05 5.387667173117456354e-01
2.007734461613306558e-05 6.635725128068148404e-01
2.007734461613306558e-05 3.021655985136296740e-01
8.232072915049365707e-05 3.021655985136296740e-01
5.497400387538541077e-05 3.021655985136296740e-01
3.923435602097098869e-05 3.021655985136296740e-01
2.236898010903536383e-05 3.021655985136296740e-01
2.236898010903536383e-05 4.034267853068578824e-01
3.892986501870481750e-05 4.034267853068578824e-01
1.515541268119385062e-04 4.034267853068578824e-01
1.515541268119385062e-04 3.190407309930193835e-01
1.515541268119385062e-04 7.969830001800046748e-01
1.412012905953782783e-04 7.969830001800046748e-01
9.988035981387311294e-05 7.969830001800046748e-01
9.400925995939274436e-05 7.969830001800046748e-01
8.423516418754227399e-05 7.969830001800046748e-01
1.387491841081988698e-04 7.969830001800046748e-01
1.349711989665986823e-04 7.969830001800046748e-01
1.349711989665986823e-04 8.678355524759355788e-01
1.512246819000919893e-04 8.678355524759355788e-01
1.620484062537260578e-04 8.678355524759355788e-01
8.005766341001558468e-05 8.678355524759355788e-01
7.628910895563332129e-05 8.678355524759355788e-01
1.612911987880534938e-04 8.678355524759355788e-01
1.612911987880534938e-04 5.270194521317682623e-01
1.612911987880534938e-04 2.237574942513307907e-01
2.580320904704406539e-04 2.237574942513307907e-01
4.111628941256583510e-04 2.237574942513307907e-01
1.884619818088929040e-04 2.237574942513307907e-01
1.576357363820888419e-04 2.237574942513307907e-01
1.576357363820888419e-04 6.902275796364110150e-02
5.801335287074977959e-05 6.902275796364110150e-02
5.801335287074977959e-05 4.168658163321709714e-02
5.801335287074977959e-05 1.970371619793425677e-01
1.302280131577100838e-04 1.970371619793425677e-01
1.302280131577100838e-04 7.068708343344023426e-01
1.302280131577100838e-04 6.239588872552923604e-01
1.302280131577100838e-04 9.154559967100843743e-01
1.205933625812997170e-04 9.154559967100843743e-01
1.366369464775472810e-04 9.154559967100843743e-01
1.366369464775472810e-04 6.981178557997744782e-01
1.998589408103931017e-04 6.981178557997744782e-01
1.407286219092699438e-04 6.981178557997744782e-01
7.538597871866482565e-05 6.981178557997744782e-01
1.021001116580098661e-04 6.981178557997744782e-01
1.021001116580098661e-04 8.943481787649925074e-01
1.021001116580098661e-04 7.995001430797933351e-01
1.640578350021134376e-04 7.995001430797933351e-01
1.640578350021134376e-04 5.614508969936056193e-01
1.640578350021134376e-04 6.460306324511128073e-01
1.640578350021134376e-04 8.234136787929465795e-01
1.450359677129822668e-04 8.234136787929465795e-01
2.826907068141244739e-04 8.234136787929465795e-01
3.591063304529102480e-04 8.234136787929465795e-01
5.447589541139644890e-04 8.234136787929465795e-01
5.576136909084271386e-04 8.234136787929465795e-01
3.963982642166931293e-04 8.234136787929465795e-01
4.963684518187389590e-04 8.234136787929465795e-01
4.963684518187389590e-04 5.082791285906135270e-01
4.963684518187389590e-04 3.588071184517012124e-01
1.422808382912837738e-04 3.588071184517012124e-01
3.707081352969428408e-04 3.588071184517012124e-01
3.003262168754192185e-04 3.588071184517012124e-01
3.003262168754192185e-04 5.621750976168760072e-01
3.003262168754192185e-04 1.134529087379713697e-01
3.003262168754192185e-04 3.389534031965246719e-02
1.666004263030613033e-04 3.389534031965246719e-02
1.666004263030613033e-04 6.095927545555607230e-01
1.897784751007809939e-04 6.095927545555607230e-01
1.897784751007809939e-04 1.529011591093440980e-01
6.947774959442903474e-05 1.529011591093440980e-01
2.091080036276566105e-04 1.529011591093440980e-01
2.091080036276566105e-04 7.508751608256185595e-01
1.127208713349720751e-04 7.508751608256185595e-01
1.127208713349720751e-04 8.260378681315386773e-01
1.192914847094427423e-04 8.260378681315386773e-01
3.755333743430821917e-04 8.260378681315386773e-01
3.002876095451350084e-04 8.260378681315386773e-01
2.357765342421516436e-04 8.260378681315386773e-01
1.091878357585770467e-04 8.260378681315386773e-01
1.091878357585770467e-04 4.691150187747471501e-01
1.091878357585770467e-04 6.644462667475460327e-01
1.091878357585770467e-04 4.282998085832757651e-01
1.667551098001724655e-04 4.282998085832757651e-01
2.404333611239458713e-04 4.282998085832757651e-01
2.326177157434500622e-04 4.282998085832757651e-01
5.311317358195235920e-04 4.282998085832757651e-01
3.690546462495850489e-04 4.282998085832757651e-01
3.690546462495850489e-04 2.749163745250313706e-01
7.316839645813864521e-04 2.749163745250313706e-01
7.008658872496482690e-04 2.749163745250313706e-01
7.008658872496482690e-04 1.562854236644723449e-01
7.036382572916862485e-04 1.562854236644723449e-01
7.036382572916862485e-04 2.863208499372475457e-01
7.036382572916862485e-04 7.036197631881191406e-01
5.719472342129157220e-04 7.036197631881191406e-01
5.719472342129157220e-04 5.958818150141247383e-01
3.348860915020016732e-04 5.958818150141247383e-01
3.348860915020016732e-04 4.063152030844639495e-01
3.136015230119839226e-04 4.063152030844639495e-01
3.136015230119839226e-04 6.064574918349513455e-01
2.836413967550813751e-04 6.064574918349513455e-01
5.736244287042947289e-04 6.064574918349513455e-01
7.995292531089968641e-04 6.064574918349513455e-01
1.043452053692794186e-03 6.064574918349513455e-01
9.764275758728500378e-04 6.064574918349513455e-01
8.649207811965923653e-04 6.064574918349513455e-01
8.649207811965923653e-04 7.517666835762368827e-01
1.237728564991524925e-03 7.517666835762368827e-01
1.237728564991524925e-03 1.805997136739434517e-02
1.470940232671953110e-03 1.805997136739434517e-02
1.991449401828267879e-03 1.805997136739434517e-02
1.991449401828267879e-03 7.120376175223734894e-01
2.026848603482068068e-03 7.120376175223734894e-01
2.026848603482068068e-03 3.463272166397866059e-01
2.026848603482068068e-03 3.181052726464448921e-01
2.026848603482068068e-03 4.927138215381906550e-01
2.727767141690217584e-03 4.927138215381906550e-01
2.727767141690217584e-03 7.700275982147632980e-01
2.727767141690217584e-03 6.413480835690577031e-01
2.515918315610447299e-03 6.413480835690577031e-01
2.515918315610447299e-03 7.979218417751026138e-01
1.218996397439801307e-03 7.979218417751026138e-01
1.218996397439801307e-03 3.288538863427333259e-01
7.990094834817988061e-04 3.288538863427333259e-01
7.990094834817988061e-04 1.313002097822914549e-01
7.990094834817988061e-04 4.095823084078873966e-01
1.152943044674207716e-03 4.095823084078873966e-01
1.152943044674207716e-03 4.628828532411121688e-01
1.152943044674207716e-03 4.930508196252471054e-01
1.152943044674207716e-03 5.267005941305037409e-01
1.017168779813258823e-03 5.267005941305037409e-01
2.114248655822137477e-03 5.267005941305037409e-01
3.272510976933790984e-03 5.267005941305037409e-01
3.288919396569078314e-03 5.267005941305037409e-01
3.927335568720461897e-03 5.267005941305037409e-01
3.927335568720461897e-03 1.532349398293532672e-01
3.692732924961918042e-03 1.532349398293532672e-01
3.386258262926555157e-03 1.532349398293532672e-01
3.675266431438500760e-03 1.532349398293532672e-01
3.675266431438500760e-03 7.466710134239997743e-01
3.289327467166058751e-03 7.466710134239997743e-01
3.289327467166058751e-03 6.527546774432335663e-02
2.959333686536381319e-03 6.527546774432335663e-02
1.435655840132205865e-03 6.527546774432335663e-02
1.435655840132205865e-03 6.018448223859220736e-01
2.354375217472112931e-03 6.018448223859220736e-01
2.354375217472112931e-03 4.628697064617972035e-01
2.751528763959768323e-03 4.628697064617972035e-01
4.423197157560834411e-03 4.628697064617972035e-01
4.423197157560834411e-03 2.286200263789006648e-02
1.695982010565105606e-03 2.286200263789006648e-02
4.000921086273957761e-03 2.286200263789006648e-02
3.892603498328710884e-03 2.286200263789006648e-02
3.892603498328710884e-03 1.751024884451377328e-01
2.039381848643819547e-03 1.751024884451377328e-01
2.254870590749953694e-03 1.751024884451377328e-01
2.254870590749953694e-03 5.815830961138154231e-01
2.254870590749953694e-03 9.922803419255532553e-01
3.760237828953497466e-03 9.922803419255532553e-01
4.667400398039476747e-03 9.922803419255532553e-01
2.967458515438250750e-03 9.922803419255532553e-01
3.706923133022552164e-03 9.922803419255532553e-01
7.909239142824767838e-05 9.922803419255532553e-01
4.784038614294030905e-04 9.922803419255532553e-01
4.784038614294030905e-04 9.530889736513714627e-01
4.784038614294030905e-04 5.019845695759513893e-01
4.784038614294030905e-04 9.788790517214496223e-01
2.281025692128186254e-03 9.788790517214496223e-01
3.457580608959004778e-03 9.788790517214496223e-01
4.223446893917165608e-03 9.788790517214496223e-01
2.995851002012089610e-03 9.788790517214496223e-01
4.611234225854186561e-03 9.788790517214496223e-01
4.611234225854186561e-03 4.372447654095354963e-01
4.611234225854186561e-03 7.146582368003746577e-01
4.611234225854186561e-03 2.358280817046419786e-01
5.444033353992617369e-03 2.358280817046419786e-01
5.444033353992617369e-03 1.253182579084461956e-01
5.444033353992617369e-03 6.657800041804234903e-01
4.387987385141665399e-03 6.657800041804234903e-01
4.387987385141665399e-03 5.301800923132601318e-01
4.387987385141665399e-03 9.267431396016394540e-01
1.650570755317095836e-03 9.267431396016394540e-01
1.650570755317095836e-03 8.189040097377974226e-01
3.653446130220253715e-03 8.189040097377974226e-01
4.458074713278198896e-03 8.189040097377974226e-01
4.458074713278198896e-03 5.765123406088284996e-01
4.954465620705558911e-03 5.765123406088284996e-01
3.429264042711007918e-03 5.765123406088284996e-01
3.429264042711007918e-03 6.933888921812203510e-01
3.429264042711007918e-03 2.251710018445796102e-01
3.429264042711007918e-03 4.761816420633921965e-01
2.783507691197993975e-03 4.761816420633921965e-01
1.349373858543732266e-03 4.761816420633921965e-01
1.349373858543732266e-03 3.316109980589109774e-01
1.608952968653547646e-03 3.316109980589109774e-01
1.608952968653547646e-03 2.762739063325063138e-01
1.608952968653547646e-03 2.282165260569225806e-01
7.733801428546986092e-04 2.282165260569225806e-01
1.034049475479808080e-03 2.282165260569225806e-01
1.034049475479808080e-03 4.174074725452286416e-01
8.608197674209323294e-04 4.174074725452286416e-01
8.608197674209323294e-04 5.503330031625078833e-01
8.608197674209323294e-04 5.927250891946017619e-01
8.608197674209323294e-04 5.019024348808930336e-01
8.608197674209323294e-04 1.738291397496590784e-01
8.608197674209323294e-04 1.220230196317234617e-01
2.539462589647158933e-03 1.220230196317234617e-01
2.539462589647158933e-03 6.801541455736488384e-01
1.087940876855721843e-03 6.801541455736488384e-01
4.190350796221333461e-03 6.801541455736488384e-01
4.391484913949536030e-03 6.801541455736488384e-01
6.473770030950107279e-03 6.801541455736488384e-01
5.513343590037607725e-03 6.801541455736488384e-01
1.003441502324829704e-02 6.801541455736488384e-01
9.865403975872771500e-03 6.801541455736488384e-01
9.865403975872771500e-03 6.590287382414377060e-01
9.865403975872771500e-03 7.030453975171732095e-01
1.198335093056624237e-02 7.030453975171732095e-01
1.198335093056624237e-02 7.539551088512879140e-01
1.198335093056624237e-02 4.564408509465845976e-01
9.429618094349593097e-03 4.564408509465845976e-01
7.965037732652250832e-03 4.564408509465845976e-01
5.392687476957015724e-03 4.564408509465845976e-01
5.392687476957015724e-03 2.168671164953153985e-01
5.392687476957015724e-03 1.236339746423369551e-01
6.353869937326945064e-03 1.236339746423369551e-01
6.353869937326945064e-03 5.011090484698474956e-01
8.967058829899579586e-03 5.011090484698474956e-01
1.195412958297032043e-02 5.011090484698474956e-01
1.116722600719989057e-02 5.011090484698474956e-01
1.045071429131125447e-02 5.011090484698474956e-01
7.895289361220067526e-03 5.011090484698474956e-01
6.261137051598310646e-03 5.011090484698474956e-01
5.364828884861903673e-03 5.011090484698474956e-01
5.364828884861903673e-03 3.161240719892172146e-01
1.461716165859217390e-02 3.161240719892172146e-01
1.731772063617861152e-02 3.161240719892172146e-01
1.731772063617861152e-02 1.086996729390402872e-01
1.731772063617861152e-02 3.603527385246346748e-01
1.931364055481503417e-02 3.603527385246346748e-01
1.931364055481503417e-02 3.144591737025403400e-01
1.931364055481503417e-02 3.578681801892167891e-01
1.931364055481503417e-02 3.374817538323293120e-01
1.931364055481503417e-02 6.283600238531312776e-01
1.931364055481503417e-02 2.694801854021122711e-02
1.931364055481503417e-02 1.019059930138027648e-01
2.970593884455570433e-02 1.019059930138027648e-01
3.865230831369938919e-02 1.019059930138027648e-01
4.897797902010583848e-02 1.019059930138027648e-01
4.146375714304919441e-02 1.019059930138027648e-01
4.146375714304919441e-02 3.647296163177290995e-01
3.319825294544802297e-02 3.647296163177290995e-01
3.319825294544802297e-02 2.730372488428642885e-01
3.319825294544802297e-02 1.881286372540280083e-01
3.657185655326138790e-02 1.881286372540280083e-01
3.657185655326138790e-02 4.009156049505686603e-01
4.332581505897142859e-02 4.009156049505686603e-01
1.733104838884265420e-02 4.009156049505686603e-01
1.130288352785564429e-02 4.009156049505686603e-01
1.130288352785564429e-02 4.467452122166307715e-01
1.036382279918167393e-03 4.467452122166307715e-01
2.132941966139625944e-02 4.467452122166307715e-01
3.045892758231616426e-02 4.467452122166307715e-01
3.204721181332625263e-02 4.467452122166307715e-01
5.981715848450290529e-02 4.467452122166307715e-01
5.180263469857479541e-02 4.467452122166307715e-01
2.301924933299824214e-02 4.467452122166307715e-01
3.527274633456860264e-02 4.467452122166307715e-01
3.527274633456860264e-02 8.855289155930472500e-01
5.098178546801006294e-02 8.855289155930472500e-01
5.098178546801006294e-02 8.890250283208593896e-01
2.697907245505822005e-02 8.890250283208593896e-01
1.893631394177245839e-02 8.890250283208593896e-01
1.893631394177245839e-02 7.134599653638744599e-01
2.134607796621080383e-02 7.134599653638744599e-01
2.447160314030728812e-02 7.134599653638744599e-01
2.866168299282728649e-02 7.134599653638744599e-01
1.233279819299257923e-02 7.134599653638744599e-01
1.035215071182283425e-02 7.134599653638744599e-01
1.035215071182283425e-02 6.451790165541850808e-01
6.027011551618514408e-03 6.451790165541850808e-01
6.027011551618514408e-03 4.263891511791989553e-01
6.027011551618514408e-03 4.860045501418525093e-01
3.259248878541042005e-02 4.860045501418525093e-01
1.593859824260243294e-02 4.860045501418525093e-01
1.726375776123003150e-02 4.860045501418525093e-01
3.708662719428454380e-02 4.860045501418525093e-01
2.473933102295818032e-02 4.860045501418525093e-01
2.473933102295818032e-02 8.063581302547634388e-02
2.473933102295818032e-02 3.446838420816173976e-01
2.473933102295818032e-02 5.711158711724952930e-01
3.339833977994620395e-02 5.711158711724952930e-01
3.198654517340333847e-02 5.711158711724952930e-01
6.412885741355336955e-02 5.711158711724952930e-01
5.492421587063234245e-02 5.711158711724952930e-01
5.492421587063234245e-02 3.471541837261296060e-01
7.228108289481467719e-02 3.471541837261296060e-01
7.935962931156259614e-02 3.471541837261296060e-01
7.098221838337130662e-02 3.471541837261296060e-01
7.098221838337130662e-02 1.251931556235573728e-01
5.763778459340561378e-02 1.251931556235573728e-01
5.763778459340561378e-02 3.110444388142772909e-01
5.763778459340561378e-02 7.029031459775896273e-01
8.726379169935555291e-02 7.029031459775896273e-01
7.905589513498240128e-02 7.029031459775896273e-01
8.793519847159438074e-02 7.029031459775896273e-01
1.096662586048047505e-01 7.029031459775896273e-01
9.056564424675006553e-02 7.029031459775896273e-01
9.056564424675006553e-02 6.934815060796791775e-01
9.056564424675006553e-02 7.899372149708087099e-01
4.414039733737171178e-02 7.899372149708087099e-01
6.302692778548063535e-02 7.899372149708087099e-01
5.584806300776982979e-02 7.899372149708087099e-01
1.283161413283336605e-01 7.899372149708087099e-01
1.283161413283336605e-01 7.195824190524531261e-01
1.311833175689027797e-01 7.195824190524531261e-01
1.311833175689027797e-01 1.721717399586055741e-01
7.390404003567346836e-02 1.721717399586055741e-01
1.238258199177692948e-01 1.721717399586055741e-01
1.238258199177692948e-01 6.002066350427665009e-01
1.238258199177692948e-01 8.482944269979375562e-02
1.238258199177692948e-01 4.935884009556191221e-01
7.785852380620406077e-02 4.935884009556191221e-01
7.785852380620406077e-02 3.330984052195007372e-01
6.258203088202043962e-02 3.330984052195007372e-01
1.319137118161498035e-01 3.330984052195007372e-01
1.274129563486641192e-01 3.330984052195007372e-01
1.274129563486641192e-01 1.774696586345207716e-01
2.013915591674911854e-01 1.774696586345207716e-01
2.884418246653914775e-01 1.774696586345207716e-01
3.168241929179058669e-01 1.774696586345207716e-01
3.168241929179058669e-01 5.652839371613672947e-02
3.168241929179058669e-01 5.742712264962352986e-01
4.237643901792781387e-01 5.742712264962352986e-01
3.938559602542452409e-01 5.742712264962352986e-01
2.983780437607980174e-01 5.742712264962352986e-01
4.078665013349943580e-01 5.742712264962352986e-01
4.078665013349943580e-01 5.464887955151831456e-01
3.854488374457060162e-01 5.464887955151831456e-01
3.854488374457060162e-01 2.505693203807108360e-01
3.407396402825094706e-01 2.505693203807108360e-01
3.343716909122779191e-02 2.505693203807108360e-01
5.863700420608741748e-02 2.505693203807108360e-01
5.863700420608741748e-02 1.557342814474461101e-01
1.093554861496827402e-01 1.557342814474461101e-01
2.365897590444973053e-01 1.557342814474461101e-01
1.890441204778696149e-01 1.557342814474461101e-01
2.145837558319676208e-01 1.557342814474461101e-01
2.771471759999938889e-01 1.557342814474461101e-01
3.732920679795998509e-01 1.557342814474461101e-01
3.732920679795998509e-01 8.182649864262200867e-02
3.524217358319122195e-01 8.182649864262200867e-02
3.524217358319122195e-01 4.429109323514862639e-01
4.007795554450921394e-01 4.429109323514862639e-01
4.013065955759581027e-01 4.429109323514862639e-01
4.842492395428245056e-01 4.429109323514862639e-01
2.274673362311728786e-01 4.429109323514862639e-01
4.346280542292424443e-02 4.429109323514862639e-01
4.346280542292424443e-02 2.655173909377078756e-01
1.560868286119582171e-01 2.655173909377078756e-01
2.609629211493297296e-01 2.655173909377078756e-01
2.921060586558806849e-01 2.655173909377078756e-01
2.755457923434346257e-01 2.655173909377078756e-01
2.755457923434346257e-01 3.511691278927894233e-01
3.109130998097460741e-01 3.511691278927894233e-01
1.826344571011343232e-01 3.511691278927894233e-01
1.826344571011343232e-01 3.530722212132582638e-01
8.050627772057294962e-02 3.530722212132582638e-01
8.050627772057294962e-02 5.320953871745748298e-01
8.050627772057294962e-02 7.602661913699015894e-01
8.050627772057294962e-02 2.184620850670930814e-01
9.215590348805915988e-02 2.184620850670930814e-01
9.215590348805915988e-02 5.345466400031266829e-01
9.215590348805915988e-02 1.912360589505757713e-01
5.638839003268008437e-02 1.912360589505757713e-01
1.844429727789575757e-01 1.912360589505757713e-01
1.844429727789575757e-01 6.355303204169832076e-01
1.503708106109819531e-01 6.355303204169832076e-01
1.415312050689162549e-01 6.355303204169832076e-01
1.327828650834782798e-01 6.355303204169832076e-01
1.327828650834782798e-01 1.290727931460213807e-01
3.781081705081594801e-01 1.290727931460213807e-01
6.197041407390910805e-01 1.290727931460213807e-01
4.618509974631577197e-01 1.290727931460213807e-01
4.562940350054812688e-01 1.290727931460213807e-01
4.907784209888738092e-01 1.290727931460213807e-01
7.402454845261990934e-01 1.290727931460213807e-01
6.399888981275406730e-01 1.290727931460213807e-01
6.399888981275406730e-01 8.030190888517541037e-02
6.660704624692895814e-01 8.030190888517541037e-02
6.660704624692895814e-01 1.353749512018747603e-01
5.649217397518527806e-01 1.353749512018747603e-01
7.292245066054671154e-01 1.353749512018747603e-01
5.475489012663986577e-01 1.353749512018747603e-01
5.475489012663986577e-01 3.624077278918931277e-01
5.475489012663986577e-01 4.277908835840177337e-01
4.586109876919756134e-01 4.277908835840177337e-01
4.818702358050684365e-01 4.277908835840177337e-01
4.024122399702413921e-01 4.277908835840177337e-01
4.024122399702413921e-01 2.003632800657730584e-01
6.633193290184669078e-02 2.003632800657730584e-01
6.633193290184669078e-02 3.631696620142451648e-01
1.281811188969168014e-01 3.631696620142451648e-01
1.281811188969168014e-01 8.556404016638794463e-01
7.205874352886200429e-02 8.556404016638794463e-01
7.205874352886200429e-02 4.717383042442302998e-01
7.205874352886200429e-02 2.904404736922343022e-01
7.205874352886200429e-02 4.319749669923148572e-01
3.698347479459887510e-01 4.319749669923148572e-01
3.698347479459887510e-01 3.589351181801997970e-01
2.721520515169927878e-01 3.589351181801997970e-01
2.721520515169927878e-01 4.957195429864691416e-01
2.721520515169927878e-01 1.380041742415120121e-01
3.992267074212742517e-01 1.380041742415120121e-01
3.992267074212742517e-01 3.171854537987828238e-01
1.574420952704234100e-01 3.171854537987828238e-01
8.062774404897697644e-02 3.171854537987828238e-01
1.158224657939443264e-01 3.171854537987828238e-01
3.129819054461405181e-01 3.171854537987828238e-01
3.129819054461405181e-01 7.738502588907045232e-02
1.634436424819164235e-01 7.738502588907045232e-02
1.798304290045609488e-01 7.738502588907045232e-02
2.925539462790521794e-01 7.738502588907045232e-02
2.865743699792461241e-01 7.738502588907045232e-02
1.529444843468851234e-01 7.738502588907045232e-02
3.457743560743224698e-02 7.738502588907045232e-02
9.758178139784547817e-03 7.738502588907045232e-02
9.758178139784547817e-03 4.826613594583818723e-02
9.758178139784547817e-03 3.927618783895847066e-01
9.758178139784547817e-03 5.914018263253051355e-03
9.758178139784547817e-03 6.308979041872047056e-01
1.447947239457181845e-01 6.308979041872047056e-01
1.447947239457181845e-01 5.676577265534559213e-01
1.362559417886891333e-01 5.676577265534559213e-01
9.347112189999715048e-02 5.676577265534559213e-01
8.438334450481095594e-02 5.676577265534559213e-01
8.438334450481095594e-02 5.854812707415731898e-01
8.438334450481095594e-02 4.213909177225427793e-02
4.875440952328141120e-01 4.213909177225427793e-02
4.875440952328141120e-01 4.240065043747223150e-01
1.605565661861719784e-01 4.240065043747223150e-01
3.072541724200771318e-01 4.240065043747223150e-01
3.072541724200771318e-01 3.881942774677064611e-01
5.419886406714681248e-01 3.881942774677064611e-01
5.419886406714681248e-01 2.730095883452585692e-01
6.334416326598293345e-01 2.730095883452585692e-01
6.295552955948180429e-01 2.730095883452585692e-01
3.385429142211920928e-01 2.730095883452585692e-01
3.385429142211920928e-01 8.876966084255696887e-02
3.385429142211920928e-01 8.716316219071337801e-02
3.385429142211920928e-01 5.967366196247053667e-02
4.955298405234975778e-01 5.967366196247053667e-02
4.305381778527505032e-01 5.967366196247053667e-02
4.305381778527505032e-01 4.935832514792847792e-01
2.800305704721190447e-01 4.935832514792847792e-01
2.800305704721190447e-01 3.811936210789290680e-03
2.458499882921500457e-01 3.811936210789290680e-03
3.232437741755719851e-02 3.811936210789290680e-03
3.232437741755719851e-02 3.503649379899274607e-01
2.983199735531336105e-02 3.503649379899274607e-01
1.516750487515564627e-01 3.503649379899274607e-01
1.516750487515564627e-01 5.237762867329567307e-01
1.516750487515564627e-01 6.681490611666904833e-01
1.516750487515564627e-01 4.741187398329797520e-01
1.516750487515564627e-01 4.275170371875416375e-01
5.666979326024972341e-01 4.275170371875416375e-01
4.043924263331811764e-01 4.275170371875416375e-01
3.299450229966525150e-01 4.275170371875416375e-01
3.299450229966525150e-01 5.901648965461731011e-02
6.592978651512895194e-01 5.901648965461731011e-02
8.729903862352781374e-01 5.901648965461731011e-02
6.310808462418073805e-01 5.901648965461731011e-02
3.699734700367532936e-01 5.901648965461731011e-02
5.943162353301851830e-01 5.901648965461731011e-02
5.633002206493797903e-01 5.901648965461731011e-02
6.291767736958812085e-01 5.901648965461731011e-02
2.834475477172270219e-01 5.901648965461731011e-02
2.683048482828157000e-01 5.901648965461731011e-02
5.065392128974397501e-01 5.901648965461731011e-02
5.065392128974397501e-01 3.972230907603680472e-01
4.928799073573078005e-01 3.972230907603680472e-01
4.928799073573078005e-01 4.590903544198519093e-01
4.928799073573078005e-01 1.416206103730987542e-01
7.968909426258253825e-01 1.416206103730987542e-01
4.508239532703668950e-01 1.416206103730987542e-01
8.088505246288085759e-01 1.416206103730987542e-01
3.426810028166384359e-01 1.416206103730987542e-01
3.248893603259533913e-01 1.416206103730987542e-01
3.248893603259533913e-01 3.494794596460986114e-01
1.824800652719943406e-02 3.494794596460986114e-01
1.824800652719943406e-02 2.539172703670846132e-01
1.658360928000228995e-01 2.539172703670846132e-01
1.658360928000228995e-01 2.167096519376241481e-01
7.441323500410632619e-01 2.167096519376241481e-01
7.441323500410632619e-01 2.177615038966946304e-01
4.435826601527321777e-01 2.177615038966946304e-01
5.157387863411048157e-01 2.177615038966946304e-01
5.285633112275147649e-01 2.177615038966946304e-01
4.067338490454706079e-01 2.177615038966946304e-01
4.067338490454706079e-01 2.082693556925677703e-01
3.605907496466746465e-01 2.082693556925677703e-01
3.605907496466746465e-01 3.090765864802685892e-01
2.129564689430896440e-01 3.090765864802685892e-01
1.772225627575868823e-01 3.090765864802685892e-01
2.422614606727793718e-01 3.090765864802685892e-01
5.553702195434126465e-02 3.090765864802685892e-01
2.880735040765928234e-01 3.090765864802685892e-01
8.673817833719407733e-02 3.090765864802685892e-01
8.673817833719407733e-02 3.000283076433857277e-01
3.585792925837287815e-01 3.000283076433857277e-01
2.075391700110262305e-01 3.000283076433857277e-01
2.075391700110262305e-01 1.329574438667652236e-02
8.065042954074350678e-01 1.329574438667652236e-02
6.885345344703857062e-01 1.329574438667652236e-02
3.962933146328788681e-01 1.329574438667652236e-02
3.962933146328788681e-01 1.115735952595121733e-01
3.962933146328788681e-01 2.221322306930705870e-01
5.247854456041936011e-01 2.221322306930705870e-01
5.247854456041936011e-01 2.815579264699531459e-01
5.247854456041936011e-01 3.213209150096969502e-01
5.247854456041936011e-01 2.830317056352957272e-01
2.290890805941879216e-01 2.830317056352957272e-01
2.290890805941879216e-01 7.458324878720483664e-01
1.815852382618891314e-01 7.458324878720483664e-01
1.815852382618891314e-01 4.023252840478237502e-01
3.034661541102752214e-01 4.023252840478237502e-01
4.144352282005659971e-01 4.023252840478237502e-01
2.973780141249237063e-01 4.023252840478237502e-01
2.973780141249237063e-01 6.141244753854424587e-01
8.832525131906993066e-02 6.141244753854424587e-01
8.832525131906993066e-02 6.279399982346339781e-01
1.743591364181247549e-01 6.279399982346339781e-01
1.743591364181247549e-01 4.275855832700237169e-02
4.647741476264026783e-01 4.275855832700237169e-02
4.647741476264026783e-01 5.047349875556949028e-01
5.022356848951536890e-02 5.047349875556949028e-01
5.022356848951536890e-02 2.322432527926370782e-01
5.022356848951536890e-02 2.036458984509022796e-01
2.612307799382223017e-01 2.036458984509022796e-01
2.612307799382223017e-01 7.298952284053494832e-01
1.110545545469245055e-01 7.298952284053494832e-01
1.110545545469245055e-01 8.888876960044954645e-01
1.110545545469245055e-01 6.871163553228054610e-01
1.110545545469245055e-01 8.833092040562371405e-01
3.096903734864318858e-02 8.833092040562371405e-01
3.528510778480035970e-02 8.833092040562371405e-01
3.528510778480035970e-02 3.999654253833997974e-01
1.182050767129565472e-01 3.999654253833997974e-01
4.926916155221084948e-01 3.999654253833997974e-01
4.926916155221084948e-01 1.403591334805218138e-01
4.926916155221084948e-01 4.179190424519048375e-02
7.837674162175727322e-01 4.179190424519048375e-02
6.218178718666653726e-01 4.179190424519048375e-02
5.653405755637920249e-01 4.179190424519048375e-02
5.653405755637920249e-01 2.830458800128182739e-01
5.653405755637920249e-01 3.904350963228964688e-01
3.588825904340161577e-01 3.904350963228964688e-01
4.704169234044487946e-01 3.904350963228964688e-01
3.211057332693959543e-01 3.904350963228964688e-01
3.211057332693959543e-01 1.104368168377617421e-01
3.211057332693959543e-01 1.497500684096847445e-01
2.654338324919553460e-01 1.497500684096847445e-01
2.654338324919553460e-01 6.293225883084702099e-03
3.293773722283277472e-01 6.293225883084702099e-03
3.293773722283277472e-01 1.410382368513864726e-01
3.293773722283277472e-01 4.828026081272451808e-01
3.293773722283277472e-01 4.821547139214700239e-01
4.779038056050387562e-01 4.821547139214700239e-01
4.779038056050387562e-01 1.518652466545076796e-01
4.779038056050387562e-01 3.357204679064566544e-01
1.610226688516119831e-01 3.357204679064566544e-01
1.976389032878955454e-01 3.357204679064566544e-01
2.681257436360384716e-03 3.357204679064566544e-01
1.880751922211030547e-01 3.357204679064566544e-01
1.880751922211030547e-01 2.065372943482662038e-01
1.880751922211030547e-01 4.796688069682705224e-01
1.880751922211030547e-01 4.354313447311676799e-01
1.880751922211030547e-01 5.735980407729908137e-01
1.880751922211030547e-01 3.331900024419939266e-01
7.295992914253363049e-02 3.331900024419939266e-01
7.295992914253363049e-02 2.559929976904055104e-01
7.295992914253363049e-02 2.071772856041321775e-01
7.532350345194467611e-02 2.071772856041321775e-01
7.532350345194467611e-02 1.809985358663096788e-01
2.529265313572035545e-01 1.809985358663096788e-01
4.699509370163114097e-01 1.809985358663096788e-01
4.125378314915069122e-01 1.809985358663096788e-01
5.184864568753851932e-01 1.809985358663096788e-01
1.638245573577731262e-01 1.809985358663096788e-01
2.143008599161509431e-01 1.809985358663096788e-01
2.143008599161509431e-01 5.490728167866752996e-01
2.143008599161509431e-01 7.246010153806659027e-01
2.143008599161509431e-01 7.810238687667483415e-01
1.454992832579279916e-01 7.810238687667483415e-01
1.918926748936425897e-01 7.810238687667483415e-01
1.918926748936425897e-01 3.722755792294867860e-01
1.918926748936425897e-01 5.276697853461143062e-01
1.170882703824836779e-01 5.276697853461143062e-01
2.808911145135820076e-02 5.276697853461143062e-01
2.348111318658290259e-01 5.276697853461143062e-01
2.348111318658290259e-01 1.641866813430135075e-01
2.348111318658290259e-01 6.871178010392858804e-01
2.899412393890066775e-01 6.871178010392858804e-01
2.899412393890066775e-01 6.048767828104960609e-01
2.899412393890066775e-01 4.194524802803032415e-01
4.773449507059277508e-01 4.194524802803032415e-01
4.773449507059277508e-01 4.423296257118846109e-01
4.773449507059277508e-01 4.747811941296782856e-01
4.773449507059277508e-01 4.460198628966210999e-02
4.773449507059277508e-01 4.980363367219202697e-01
4.904105443315150969e-01 4.980363367219202697e-01
4.904105443315150969e-01 4.752476205767574569e-01
4.904105443315150969e-01 1.402933566540398025e-01
4.904105443315150969e-01 5.929652755348760462e-02
3.037713133497195739e-01 5.929652755348760462e-02
3.877112755577225567e-01 5.929652755348760462e-02
1.122886594252458514e-01 5.929652755348760462e-02
1.451313418832868019e-01 5.929652755348760462e-02
1.451313418832868019e-01 8.107394669538598997e-01
1.557506004616021622e-01 8.107394669538598997e-01
1.557506004616021622e-01 9.421843970713217331e-03
2.651084692328650738e-02 9.421843970713217331e-03
2.651084692328650738e-02 2.244749468719491325e-01
2.651084692328650738e-02 7.984275441724300038e-01
3.816687910994923105e-02 7.984275441724300038e-01
3.816687910994923105e-02 4.102325699124600433e-01
3.816687910994923105e-02 2.355919792851397243e-01
2.957998245454016364e-02 2.355919792851397243e-01
7.414936248961848109e-02 2.355919792851397243e-01
7.414936248961848109e-02 7.212703095763264294e-01
7.414936248961848109e-02 8.228874781229411628e-02
3.575514930708374034e-02 8.228874781229411628e-02
3.575514930708374034e-02 2.990110589361605342e-01
3.575514930708374034e-02 6.665164009300406089e-02
3.789060299061791648e-01 6.665164009300406089e-02
7.570503289594681107e-01 6.665164009300406089e-02
9.223839978531753747e-01 6.665164009300406089e-02
7.693140283307723370e-01 6.665164009300406089e-02
7.024804932271918601e-01 6.665164009300406089e-02
1.990837941138279277e-01 6.665164009300406089e-02
1.990837941138279277e-01 1.364544527817612707e-01
3.446804177573095096e-01 1.364544527817612707e-01
3.446804177573095096e-01 1.794796314508379509e-01
3.446804177573095096e-01 3.656874649362051866e-01
3.446804177573095096e-01 5.617850934220504078e-01
3.709744146872971382e-01 5.617850934220504078e-01
3.709744146872971382e-01 3.021539386665731408e-01
3.709744146872971382e-01 2.000195057961695055e-01
3.709744146872971382e-01 4.620073037992130649e-01
3.709744146872971382e-01 3.123191049883946024e-01
3.709744146872971382e-01 4.172809886736325580e-01
4.368319399227752475e-01 4.172809886736325580e-01
5.778468020818114947e-01 4.172809886736325580e-01
3.176047908225421157e-01 4.172809886736325580e-01
3.176047908225421157e-01 6.476558567012091761e-01
1.518339685149394935e-01 6.476558567012091761e-01
1.518339685149394935e-01 2.573446757889545355e-01
1.312318320367506230e-01 2.573446757889545355e-01
1.312318320367506230e-01 3.083437446268564863e-01
2.898198652847029932e-01 3.083437446268564863e-01
2.898198652847029932e-01 1.427890363694792331e-01
2.898198652847029932e-01 6.790059245902628771e-01
2.898198652847029932e-01 6.124449902283515268e-01
2.898198652847029932e-01 6.055215646689875442e-01
3.128633283614832838e-01 6.055215646689875442e-01
3.128633283614832838e-01 1.151521878002198518e-01
3.426621270694276689e-01 1.151521878002198518e-01
5.624475992936186497e-01 1.151521878002198518e-01
2.539705136337578328e-01 1.151521878002198518e-01
6.113778226874461152e-02 1.151521878002198518e-01
3.854800562151269316e-01 1.151521878002198518e-01
3.854800562151269316e-01 8.685981175019154288e-02
2.028296651425539610e-01 8.685981175019154288e-02
2.028296651425539610e-01 1.696766451556659672e-02
7.437332281861708250e-01 1.696766451556659672e-02
1.395230125883362149e-01 1.696766451556659672e-02
2.800443257230701699e-02 1.696766451556659672e-02
3.875347840997536153e-01 1.696766451556659672e-02
1.233673965168965436e-01 1.696766451556659672e-02
1.233673965168965436e-01 3.486610759896914824e-01
2.807265686882894073e-02 3.486610759896914824e-01
3.109691616826896765e-01 3.486610759896914824e-01
3.109691616826896765e-01 2.599103211110888600e-01
3.109691616826896765e-01 3.205308559667904844e-01
3.109691616826896765e-01 2.701396077394452311e-01
4.093767953445515140e-03 2.701396077394452311e-01
4.079756947551811952e-01 2.701396077394452311e-01
5.253662816637403310e-01 2.701396077394452311e-01
5.253662816637403310e-01 9.738378716763435028e-02
4.371311021901093108e-01 9.738378716763435028e-02
4.371311021901093108e-01 3.022693718576160982e-02
4.371311021901093108e-01 4.480322373529166402e-01
4.371311021901093108e-01 4.498021995513021842e-01
4.371311021901093108e-01 3.423579678925248171e-01
5.233479870110583354e-01 3.423579678925248171e-01
3.121934409617125872e-01 3.423579678925248171e-01
3.121934409617125872e-01 2.330301364195592750e-01
3.121934409617125872e-01 3.213603182744780296e-01
2.614869286028611017e-01 3.213603182744780296e-01
2.614869286028611017e-01 1.197799373324499872e-01
8.179116470419553475e-02 1.197799373324499872e-01
5.052210676552616464e-01 1.197799373324499872e-01
5.052210676552616464e-01 1.102665501281651222e-01
8.662287100120535932e-01 1.102665501281651222e-01
6.875718543604389943e-01 1.102665501281651222e-01
6.875718543604389943e-01 1.936923155100389315e-01
6.875718543604389943e-01 1.557533933352718836e-01
5.111517010399427852e-01 1.557533933352718836e-01
5.111517010399427852e-01 3.102481682942570540e-01
5.111517010399427852e-01 4.666130953459159958e-01
4.264077727258445694e-01 4.666130953459159958e-01
5.008010245542978689e-01 4.666130953459159958e-01
5.008010245542978689e-01 3.017068214854352060e-01
5.008010245542978689e-01 4.452252339597123632e-02
8.347218740261541647e-01 4.452252339597123632e-02
8.036380477672372402e-01 4.452252339597123632e-02
8.036380477672372402e-01 8.997388081240255409e-02
5.651429439289838985e-01 8.997388081240255409e-02
5.651429439289838985e-01 5.490983002178212447e-02
5.651429439289838985e-01 4.005319684387475543e-01
5.651429439289838985e-01 1.639129472039543844e-01
2.056753153577845494e-01 1.639129472039543844e-01
1.288640007294815648e-01 1.639129472039543844e-01
1.288640007294815648e-01 5.104985814124296528e-01
1.288640007294815648e-01 7.212295485711066600e-01
1.833448862440861249e-01 7.212295485711066600e-01
1.833448862440861249e-01 7.477170332631041250e-01
1.833448862440861249e-01 6.097789835205315034e-01
2.710847247078805866e-01 6.097789835205315034e-01
2.710847247078805866e-01 3.403847668105418611e-01
2.205444758970302455e-01 3.403847668105418611e-01
2.205444758970302455e-01 1.987069462887371685e-01
2.913216204588796043e-01 1.987069462887371685e-01
2.913216204588796043e-01 6.905006314994068806e-01
2.175843922660498642e-01 6.905006314994068806e-01
2.175843922660498642e-01 1.153842579543121749e-01
2.175843922660498642e-01 3.038066967037749144e-01
2.175843922660498642e-01 3.995753230358296548e-01
4.578174772771174683e-01 3.995753230358296548e-01
5.383876393896792623e-01 3.995753230358296548e-01
4.976467652703567279e-01 3.995753230358296548e-01
5.897549803309659611e-01 3.995753230358296548e-01
1.996634577298794788e-02 3.995753230358296548e-01
1.996634577298794788e-02 8.834221149890363334e-01
1.996634577298794788e-02 3.211273124246581956e-01
1.067090426917309959e-01 3.211273124246581956e-01
6.281193732786216621e-01 3.211273124246581956e-01
6.281193732786216621e-01 2.098268393812599553e-01
6.941771348565519695e-01 2.098268393812599553e-01
3.880730199036845351e-01 2.098268393812599553e-01
3.415281752330125986e-01 2.098268393812599553e-01
3.697644202932909852e-01 2.098268393812599553e-01
3.697644202932909852e-01 6.193250264382441639e-01
3.697644202932909852e-01 4.757523470794949305e-01
4.132923517824355075e-02 4.757523470794949305e-01
4.132923517824355075e-02 4.820609605731289715e-01
4.132923517824355075e-02 1.295303581366614165e-01
4.132923517824355075e-02 6.078701266114687751e-01
4.132923517824355075e-02 5.569451667943304818e-01
4.132923517824355075e-02 4.225290882512493518e-01
4.132923517824355075e-02 7.146492773362111972e-01
9.512927172962146183e-02 7.146492773362111972e-01
9.512927172962146183e-02 7.386996596634962664e-01
9.512927172962146183e-02 8.752030865507224311e-01
7.507961924943934440e-03 8.752030865507224311e-01
7.507961924943934440e-03 5.369674455258093282e-01
7.507961924943934440e-03 1.356475319230328602e-01
7.507961924943934440e-03 7.206794837425216649e-01
7.507961924943934440e-03 3.439308242438504082e-01
7.507961924943934440e-03 4.051763759542541532e-01
7.507961924943934440e-03 2.469624776273953159e-01
4.527691803861240150e-01 2.469624776273953159e-01
4.527691803861240150e-01 1.166011266148195280e-02
4.527691803861240150e-01 1.077272029228902930e-02
9.106214456638378474e-02 1.077272029228902930e-02
4.407273539586531452e-01 1.077272029228902930e-02
2.584406765387239346e-01 1.077272029228902930e-02
2.187153982787861939e-01 1.077272029228902930e-02
2.187153982787861939e-01 3.899921363352422676e-01
1.351804450881011477e-01 3.899921363352422676e-01
1.351804450881011477e-01 4.421423714973851116e-01
1.351804450881011477e-01 6.610290051623453067e-01
1.351804450881011477e-01 6.529511935338282447e-01
1.351804450881011477e-01 6.306826808506763582e-01
1.351804450881011477e-01 7.447678834553481675e-01
1.351804450881011477e-01 4.992789070572817289e-01
1.351804450881011477e-01 2.707110716777271220e-01
2.508817028372823943e-01 2.707110716777271220e-01
2.508817028372823943e-01 3.739994809695618705e-01
2.493090530644004321e-03 3.739994809695618705e-01
3.679187380982839040e-01 3.739994809695618705e-01
2.332036718565203837e-01 3.739994809695618705e-01
2.332036718565203837e-01 5.416711257701705140e-01
2.332036718565203837e-01 6.561743992415226545e-01
2.332036718565203837e-01 3.502802403455419489e-01
2.332036718565203837e-01 4.281018093152316739e-02
3.447214862610828989e-01 4.281018093152316739e-02
3.447214862610828989e-01 1.891352850116069795e-01
6.416687758738515157e-01 1.891352850116069795e-01
4.605931478594644801e-01 1.891352850116069795e-01
4.605931478594644801e-01 3.694070455717964885e-01
4.605931478594644801e-01 1.378799715592504416e-01
4.605931478594644801e-01 3.078142419956898523e-01
3.756849657557391753e-01 3.078142419956898523e-01
3.756849657557391753e-01 3.360683171167415662e-01
4.735047580422752089e-01 3.360683171167415662e-01
4.735047580422752089e-01 1.225330964642937503e-01
3.235384043396528631e-01 1.225330964642937503e-01
4.848471547304222806e-03 1.225330964642937503e-01
4.848471547304222806e-03 8.848824323058873675e-02
4.848471547304222806e-03 9.268411468943116294e-02
4.848471547304222806e-03 3.227923653639169776e-01
4.848471547304222806e-03 6.253943709606015755e-01
4.848471547304222806e-03 6.598471317735876696e-02
4.753042235864326504e-01 6.598471317735876696e-02
4.753042235864326504e-01 1.589272037364349577e-01
3.439786580854432563e-01 1.589272037364349577e-01
4.211329192080889294e-01 1.589272037364349577e-01
4.211329192080889294e-01 1.798332230097328677e-01
4.211329192080889294e-01 5.000407786424584944e-02
4.211329192080889294e-01 4.653443974325878196e-01
8.891506045738506447e-02 4.653443974325878196e-01
3.018854015338793273e-01 4.653443974325878196e-01
4.337601741688976720e-01 4.653443974325878196e-01
3.328747419719171874e-01 4.653443974325878196e-01
3.328747419719171874e-01 2.283664578978555904e-01
4.219266227727677676e-01 2.283664578978555904e-01
4.219266227727677676e-01 4.384915208700621569e-01
3.849095102551608472e-01 4.384915208700621569e-01
3.849095102551608472e-01 2.701083368934873441e-01
5.214398206573990224e-01 2.701083368934873441e-01
5.214398206573990224e-01 4.118012731841881324e-01
5.214398206573990224e-01 3.852803091326610918e-01
7.112536547684061849e-02 3.852803091326610918e-01
7.112536547684061849e-02 5.003130452138930817e-01
1.147427563938160228e-02 5.003130452138930817e-01
